[
    {
        "cameras": [
            {
                "id": "0",
                "sensor_id": "1",
                "component_id": "0",
                "label": "/ofo-share/drone-imagery-organization/2z_sorted-notcleaned-combined/2023-ny-ofo/000125/000125-01/00/000125-01_000001.JPG",
                "transform": "-0.99997739122508866 0.0035084739660012458 0.0057365189005020179 1.3590070819234028 0.0036232590299179906 0.99979094432469295 0.020123112093825557 -0.34570125424693138 -0.0056647182337732499 0.020143442028820235 -0.99978105238625303 0.13658561992776119 0 0 0 1",
                "rotation_covariance": "8.0546711055928992e-05 0.0001754550746449673 2.3666364661821526e-06 0.00017545507464496727 0.0027300697519405566 3.4519958802906502e-05 2.366636466182153e-06 3.4519958802906488e-05 6.7746711584114506e-05",
                "location_covariance": "0.0011495401168498402 3.2860444626272339e-06 -0.00027577814891948001 3.2860444626272339e-06 0.0011263092000274521 -3.8883281610719607e-05 -0.00027577814891948001 -3.8883281610719607e-05 0.0043045652787961778",
                "orientation": "1",
                "reference": {
                    "x": "-121.053382203",
                    "y": "39.489901347",
                    "z": "1118.864",
                    "yaw": "0.40000000000000008",
                    "pitch": "0.099999999999993788",
                    "roll": "-0",
                    "enabled": "true",
                    "rotation_enabled": "false"
                }
            },
            {
                "id": "1",
                "sensor_id": "1",
                "component_id": "0",
                "label": "/ofo-share/drone-imagery-organization/2z_sorted-notcleaned-combined/2023-ny-ofo/000125/000125-01/00/000125-01_000002.JPG",
                "transform": "-0.99989902471683334 -0.013611785958575595 0.0040816238611424398 1.3496580504133739 -0.01350999879072253 0.99962051014011533 0.02400657493042864 -0.79914831087380822 -0.004406847285826773 0.023949008126298924 -0.99970346838788449 0.11930952610278951 0 0 0 1",
                "rotation_covariance": "7.5314208311110106e-05 0.00012997503708473554 2.2955764130156434e-06 0.00012997503708473551 0.0027349832794271007 4.5183193618074987e-05 2.2955764130156426e-06 4.5183193618074987e-05 6.8064701033408194e-05",
                "location_covariance": "0.0010820402638147563 2.5586333380071633e-06 -0.00022633658450340699 2.5586333380071633e-06 0.0010653364385858216 -3.4287881253216937e-05 -0.00022633658450340699 -3.4287881253216937e-05 0.004027263128557129",
                "orientation": "1",
                "reference": {
                    "x": "-121.05338161900001",
                    "y": "39.489945155000001",
                    "z": "1118.7619999999999",
                    "yaw": "359.5",
                    "pitch": "0.099999999999993788",
                    "roll": "-0",
                    "enabled": "true",
                    "rotation_enabled": "false"
                }
            },
            {
                "id": "2",
                "sensor_id": "1",
                "component_id": "0",
                "label": "/ofo-share/drone-imagery-organization/2z_sorted-notcleaned-combined/2023-ny-ofo/000125/000125-01/00/000125-01_000003.JPG",
                "transform": "-0.99995729253503352 -0.0090721366189950425 0.0017633613276157446 1.34282842250026 -0.0090238572948987215 0.99962922479810723 0.025690132912426833 -1.8461791725844736 -0.0019957719125051634 0.025673123430996092 -0.99966839883421843 0.096058580728558329 0 0 0 1",
                "rotation_covariance": "7.6538857118384221e-05 0.00014193674008690615 2.7620649362074973e-06 0.00014193674008690615 0.0027335845730113227 5.0044138350739689e-05 2.7620649362074973e-06 5.0044138350739675e-05 6.8239182974936142e-05",
                "location_covariance": "0.0010433194269661714 1.8146651256355822e-06 -0.00016862904113880937 1.8146651256355822e-06 0.0010327483591130527 -2.7989451139265708e-05 -0.00016862904113880937 -2.7989451139265708e-05 0.0036030658145913804",
                "orientation": "1",
                "reference": {
                    "x": "-121.05338174400001",
                    "y": "39.490045729000002",
                    "z": "1118.713",
                    "yaw": "359.69999999999999",
                    "pitch": "-7.016709298534876e-15",
                    "roll": "4.2964952914991028e-31",
                    "enabled": "true",
                    "rotation_enabled": "false"
                }
            },
            {
                "id": "3",
                "sensor_id": "1",
                "component_id": "0",
                "label": "/ofo-share/drone-imagery-organization/2z_sorted-notcleaned-combined/2023-ny-ofo/000125/000125-01/00/000125-01_000004.JPG",
                "transform": "-0.99998679958744696 -0.0051380510702366223 -3.2894620652105855e-05 1.3348319901759249 -0.0051370881854889043 0.99962788600589225 0.026789920574079185 -2.8489977775545037 -0.00010476559997377137 0.026789735918642435 -0.99964108512684602 0.076866183615251604 0 0 0 1",
                "rotation_covariance": "7.7688463596041715e-05 0.0001522858479941124 3.1444535053078481e-06 0.00015228584799411243 0.0027323123390049137 5.3261594712849026e-05 3.1444535053078498e-06 5.3261594712849032e-05 6.8364767162291644e-05",
                "location_covariance": "0.0011466105686308717 1.319829024122033e-06 -0.00012665459211045921 1.319829024122033e-06 0.0011397610368574789 -2.2974707024437542e-05 -0.00012665459211045921 -2.2974707024437542e-05 0.003357335816244103",
                "orientation": "1",
                "reference": {
                    "x": "-121.05338168500001",
                    "y": "39.490141752",
                    "z": "1118.6769999999999",
                    "yaw": "360",
                    "pitch": "-7.016709298534876e-15",
                    "roll": "4.2964952914991028e-31",
                    "enabled": "true",
                    "rotation_enabled": "false"
                }
            },
            {
                "id": "4",
                "sensor_id": "1",
                "component_id": "0",
                "label": "/ofo-share/drone-imagery-organization/2z_sorted-notcleaned-combined/2023-ny-ofo/000125/000125-01/00/000125-01_000005.JPG",
                "transform": "-0.99845608931638852 0.055511996768315169 -0.0019636501263530308 1.2882592526631995 0.055440969935143421 0.99811269562889315 0.026407303479799311 -3.8586288275547846 0.0034258662663167795 0.026257666294213194 -0.9996493377185357 0.050060924670869388 0 0 0 1",
                "rotation_covariance": "0.00010586616844526652 0.00031174744678271268 6.2873171896828944e-06 0.00031174744678271274 0.00270416649053152 5.2278172044844784e-05 6.2873171896828952e-06 5.2278172044844777e-05 6.8337485520402304e-05",
                "location_covariance": "0.0013817720524578049 6.6610363855895983e-07 -6.9230487532683481e-05 6.6610363855895983e-07 0.0013792436232729207 -1.6088779942769775e-05 -6.9230487532683481e-05 -1.6088779942769775e-05 0.0031032058153473733",
                "orientation": "1",
                "reference": {
                    "x": "-121.05337681499999",
                    "y": "39.490238861000002",
                    "z": "1118.557",
                    "yaw": "3.5000000000000111",
                    "pitch": "-7.016709298534876e-15",
                    "roll": "4.2964952914991028e-31",
                    "enabled": "true",
                    "rotation_enabled": "false"
                }
            },
            {
                "id": "5",
                "sensor_id": "1",
                "component_id": "0",
                "label": "/ofo-share/drone-imagery-organization/2z_sorted-notcleaned-combined/2023-ny-ofo/000125/000125-01/00/000125-01_000006.JPG",
                "transform": "-0.96636162232287082 0.2571700901552425 -0.0029596673890437356 1.0678820790079449 0.25700992912433257 0.96605899420592967 0.025998385437045066 -4.8367820352870421 0.0095452204277793017 0.024363178022828436 -0.99965760354414002 0.027870659406187076 0 0 0 1",
                "rotation_covariance": "0.00033706239674293994 0.00080277408313526085 1.6482969697228198e-05 0.00080277408313526085 0.0024730099986335075 4.9033317989813351e-05 1.6482969697228201e-05 4.9033317989813351e-05 6.8301576991415484e-05",
                "location_covariance": "0.0017239340384748998 2.3116397040570937e-07 -2.4145293109809546e-05 2.3116397040570937e-07 0.0017232657443409757 -6.6178730975489933e-06 -2.4145293109809546e-05 -6.6178730975489933e-06 0.0024647613342959041",
                "orientation": "1",
                "reference": {
                    "x": "-121.053350786",
                    "y": "39.490332825999999",
                    "z": "1118.47",
                    "yaw": "15.200000000000003",
                    "pitch": "0.099999999999993788",
                    "roll": "-0",
                    "enabled": "true",
                    "rotation_enabled": "false"
                }
            },
            {
                "id": "6",
                "sensor_id": "1",
                "component_id": "0",
                "label": "/ofo-share/drone-imagery-organization/2z_sorted-notcleaned-combined/2023-ny-ofo/000125/000125-01/00/000125-01_000007.JPG",
                "transform": "-0.93866300325282048 0.3448247307043763 -0.0027697326674732637 0.7150688529529694 0.34464618102608441 0.93838280514119721 0.025626566673538693 -5.7794636192701985 0.011435743462075496 0.02310013225053463 -0.99966774863525409 0.0072878209087416353 0 0 0 1",
                "rotation_covariance": "0.00050190759992921362 0.0009845666583624354 2.0503843632186411e-05 0.0009845666583624354 0.0023082081773693869 4.6375560987096514e-05 2.0503843632186407e-05 4.63755609870965e-05 6.8262395094305205e-05",
                "location_covariance": "0.0021746361334200014 2.6032139369117446e-08 -2.5327258602501112e-06 2.6032139369117446e-08 0.0021745941951288815 -6.0809516090944929e-07 -2.5327258602501112e-06 -6.0809516090944929e-07 0.0022367533526416821",
                "orientation": "1",
                "reference": {
                    "x": "-121.05330805200001",
                    "y": "39.490423632000002",
                    "z": "1118.3699999999999",
                    "yaw": "20.300000000000004",
                    "pitch": "0.099999999999993788",
                    "roll": "-0",
                    "enabled": "true",
                    "rotation_enabled": "false"
                }
            },
            {
                "id": "7",
                "sensor_id": "1",
                "component_id": "0",
                "label": "/ofo-share/drone-imagery-organization/2z_sorted-notcleaned-combined/2023-ny-ofo/000125/000125-01/00/000125-01_000008.JPG",
                "transform": "-0.93887721304056138 0.34424414413013349 -0.0023554331448430235 0.32697909467897751 0.34411008398025494 0.93866423149069944 0.022309429017278365 -6.689860331986087 0.0098908511408167497 0.020135286242986702 -0.99974833898917936 -0.006774651831274495 0 0 0 1",
                "rotation_covariance": "0.00050077022795289646 0.00098357856939217179 1.6889192986232603e-05 0.00098357856939217179 0.0023096616495601957 3.8219329579540221e-05 1.6889192986232603e-05 3.8219329579540235e-05 6.7953925561778294e-05",
                "location_covariance": "0.0027400800782079221 5.4325059603179706e-08 -7.5553488134085259e-06 5.4325059603179706e-08 0.0027400864006007523 -2.6875666596074092e-06 -7.5553488134085259e-06 -2.6875666596074092e-06 0.003084073073932977",
                "orientation": "1",
                "reference": {
                    "x": "-121.053261057",
                    "y": "39.490510561999997",
                    "z": "1118.308",
                    "yaw": "20.199999999999992",
                    "pitch": "-7.016709298534876e-15",
                    "roll": "4.2964952914991028e-31",
                    "enabled": "true",
                    "rotation_enabled": "false"
                }
            },
            {
                "id": "8",
                "sensor_id": "1",
                "component_id": "0",
                "label": "/ofo-share/drone-imagery-organization/2z_sorted-notcleaned-combined/2023-ny-ofo/000125/000125-01/00/000125-01_000009.JPG",
                "transform": "0.53993389955681326 0.84169630896033498 -0.0043252273837205589 -0.0046046136855286629 0.84158813980488301 -0.53976374780509095 0.019608658678213656 -6.7843242883863049 0.014169934690369257 -0.01422743961330487 -0.99979837613036793 -0.024276698891318043 0 0 0 1",
                "rotation_covariance": "0.0018074799790471342 -0.0012743534231463821 2.8087741944734739e-05 -0.0012743534231463821 0.0010031482483274956 -2.0721118389614833e-05 2.8087741944734746e-05 -2.0721118389614837e-05 6.7756944372776858e-05",
                "location_covariance": "0.0028155801974070597 4.0714831430917382e-07 -4.2740645339248722e-05 4.0714831430917382e-07 0.0028143868506851286 -1.1015362510656942e-05 -4.2740645339248722e-05 -1.1015362510656942e-05 0.0040662130523791435",
                "orientation": "1",
                "reference": {
                    "x": "-121.053220889",
                    "y": "39.490520148999998",
                    "z": "1118.1420000000001",
                    "yaw": "122",
                    "pitch": "0.099999999999993788",
                    "roll": "-0",
                    "enabled": "true",
                    "rotation_enabled": "false"
                }
            },
            {
                "id": "9",
                "sensor_id": "1",
                "component_id": "0",
                "label": "/ofo-share/drone-imagery-organization/2z_sorted-notcleaned-combined/2023-ny-ofo/000125/000125-01/00/000125-01_000010.JPG",
                "transform": "0.99998760686238874 -0.0011097539489477067 0.0048533048334048418 -0.044450496899270803 -0.0011468034765436065 -0.99997017422921197 0.007637767591760658 -6.0649732178685998 0.0048446840371012155 -0.0076432387227113319 -0.99995905413092212 -0.027537359641771657 0 0 0 1",
                "rotation_covariance": "7.9718786853419835e-05 0.00016889189307625895 -1.8197420570090286e-07 0.00016889189307625898 0.0027313618209717189 -1.4112358548298415e-06 -1.8197420570090252e-07 -1.411235854829842e-06 6.7300388253867407e-05",
                "location_covariance": "0.0023461886514605022 5.6230032358152751e-07 -5.625552697657913e-05 5.6230032358152751e-07 0.0023437983723496956 -1.174984587001234e-05 -5.625552697657913e-05 -1.174984587001234e-05 0.0035661264584798289",
                "orientation": "1",
                "reference": {
                    "x": "-121.053215173",
                    "y": "39.490451729",
                    "z": "1118.0150000000001",
                    "yaw": "179.90000000000001",
                    "pitch": "-7.016709298534876e-15",
                    "roll": "4.2964952914991028e-31",
                    "enabled": "true",
                    "rotation_enabled": "false"
                }
            },
            {
                "id": "10",
                "sensor_id": "1",
                "component_id": "0",
                "label": "/ofo-share/drone-imagery-organization/2z_sorted-notcleaned-combined/2023-ny-ofo/000125/000125-01/00/000125-01_000011.JPG",
                "transform": "0.99999280293694381 -0.00019678630557866579 0.0037888453999182985 -0.038284716415741632 -0.00021641400472562362 -0.99998655678117987 0.0051806777451275932 -5.0341621611169103 0.0037877749792066544 -0.0051814604186695978 -0.99997940240218774 -0.019122877821478732 0 0 0 1",
                "rotation_covariance": "7.9400243539513133e-05 0.0001664490206691297 2.1532353300438615e-07 0.00016644902066912973 0.0027316620301300961 4.959146351868134e-06 2.1532353300438599e-07 4.9591463518681374e-06 6.7308906812367939e-05",
                "location_covariance": "0.0017899617152723729 4.7087539460501431e-07 -4.7483466147384113e-05 4.7087539460501431e-07 0.0017878001479931815 -9.5264700031800283e-06 -4.7483466147384113e-05 -9.5264700031800283e-06 0.0027589923964589404",
                "orientation": "1",
                "reference": {
                    "x": "-121.053214608",
                    "y": "39.490353118000002",
                    "z": "1117.9739999999999",
                    "yaw": "179.80000000000001",
                    "pitch": "0.099999999999993788",
                    "roll": "-0",
                    "enabled": "true",
                    "rotation_enabled": "false"
                }
            },
            {
                "id": "11",
                "sensor_id": "1",
                "component_id": "0",
                "label": "/ofo-share/drone-imagery-organization/2z_sorted-notcleaned-combined/2023-ny-ofo/000125/000125-01/00/000125-01_000012.JPG",
                "transform": "0.99999483842472503 -0.0023848724337171435 0.002153022848013544 -0.032087412759415922 -0.00238867423698349 -0.99999558957176793 0.0017649567707482272 -4.0065514901942558 0.0021488041555115306 -0.0017700905309994686 -0.99999612470259769 -0.015439263936862343 0 0 0 1",
                "rotation_covariance": "8.0132921128705264e-05 0.00017224205260134754 7.9418299660405212e-07 0.00017224205260134754 0.0027308591347464804 1.3787246424804077e-05 7.9418299660405191e-07 1.3787246424804077e-05 6.7371233814526418e-05",
                "location_covariance": "0.0013786191606384368 4.8454014812810932e-07 -4.608010730597081e-05 4.8454014812810932e-07 0.0013759577617136959 -7.9878770634461125e-06 -4.608010730597081e-05 -7.9878770634461125e-06 0.0021264796641010182",
                "orientation": "1",
                "reference": {
                    "x": "-121.053214376",
                    "y": "39.490254552000003",
                    "z": "1117.866",
                    "yaw": "180",
                    "pitch": "0.099999999999993788",
                    "roll": "-0",
                    "enabled": "true",
                    "rotation_enabled": "false"
                }
            },
            {
                "id": "12",
                "sensor_id": "1",
                "component_id": "0",
                "label": "/ofo-share/drone-imagery-organization/2z_sorted-notcleaned-combined/2023-ny-ofo/000125/000125-01/00/000125-01_000013.JPG",
                "transform": "0.99999824166279039 -0.0017564053760160052 -0.00065704754957750624 -0.019230216212119584 -0.0017570947526060986 -0.99999790494997731 -0.0010501017507428267 -3.0162790468129503 -0.0006552017686696543 0.0010512543991115231 -0.99999923278712077 -0.0095286590006606782 0 0 0 1",
                "rotation_covariance": "7.9917497735138276e-05 0.00017062095254271594 1.2314634063637251e-06 0.00017062095254271592 0.0027309769653058183 2.0821045331610078e-05 1.2314634063637253e-06 2.0821045331610078e-05 6.7463105155650031e-05",
                "location_covariance": "0.0011159851294983245 4.3598437235314317e-07 -4.0260601903451848e-05 4.3598437235314317e-07 0.0011132197088751775 -6.2755115634328838e-06 -4.0260601903451848e-05 -6.2755115634328838e-06 0.0016625689830959537",
                "orientation": "1",
                "reference": {
                    "x": "-121.053215002",
                    "y": "39.490159591000001",
                    "z": "1117.7670000000001",
                    "yaw": "180",
                    "pitch": "-7.016709298534876e-15",
                    "roll": "4.2964952914991028e-31",
                    "enabled": "true",
                    "rotation_enabled": "false"
                }
            },
            {
                "id": "13",
                "sensor_id": "1",
                "component_id": "0",
                "label": "/ofo-share/drone-imagery-organization/2z_sorted-notcleaned-combined/2023-ny-ofo/000125/000125-01/00/000125-01_000014.JPG",
                "transform": "0.99999254743652521 -0.00091617509508601716 -0.0037504259229785859 -0.0057523162855153045 -0.00092294045999856422 -0.99999794947826404 -0.00180255934018414 -2.0101348259927345 -0.0037487667726738205 0.0018060073263224674 -0.99999134250513433 -0.0010537077466432538 0 0 0 1",
                "rotation_covariance": "7.9637789801776006e-05 0.00016846896538118641 1.3034913337136635e-06 0.00016846896538118641 0.0027312279577688483 2.2313641351499891e-05 1.3034913337136633e-06 2.2313641351499891e-05 6.7487878322136552e-05",
                "location_covariance": "0.00098389050462010423 3.3801917277070016e-07 -3.1701483808748225e-05 3.3801917277070016e-07 0.00098142594942259346 -4.5686683725041778e-06 -3.1701483808748225e-05 -4.5686683725041778e-06 0.0013592582873502379",
                "orientation": "1",
                "reference": {
                    "x": "-121.053215595",
                    "y": "39.490062715000001",
                    "z": "1117.6880000000001",
                    "yaw": "180",
                    "pitch": "0.099999999999993788",
                    "roll": "-0",
                    "enabled": "true",
                    "rotation_enabled": "false"
                }
            },
            {
                "id": "14",
                "sensor_id": "1",
                "component_id": "0",
                "label": "/ofo-share/drone-imagery-organization/2z_sorted-notcleaned-combined/2023-ny-ofo/000125/000125-01/00/000125-01_000015.JPG",
                "transform": "0.99998003047918149 0.00035997571988739103 -0.0063094421572942603 0.0043797763661779839 0.00035378883939302065 -0.99999945558489833 -0.00098166356982689208 -0.99429807505098056 -0.0063097920973889015 0.00097941175625775143 -0.99997961343034358 0.0039098986094884053 0 0 0 1",
                "rotation_covariance": "7.9215985376629216e-05 0.00016513395811389549 1.1089601548880679e-06 0.00016513395811389547 0.0027316889615932828 1.9704051816497927e-05 1.1089601548880679e-06 1.9704051816497931e-05 6.7447234901707874e-05",
                "location_covariance": "0.00098956646458948591 2.9793534351506589e-07 -2.7114563847450014e-05 2.9793534351506589e-07 0.00098678344753094977 -3.3602302734408451e-06 -2.7114563847450014e-05 -3.3602302734408451e-06 0.0012318203164350418",
                "orientation": "1",
                "reference": {
                    "x": "-121.05321577399999",
                    "y": "39.489965171999998",
                    "z": "1117.567",
                    "yaw": "180",
                    "pitch": "0.099999999999993788",
                    "roll": "-0",
                    "enabled": "true",
                    "rotation_enabled": "false"
                }
            },
            {
                "id": "15",
                "sensor_id": "1",
                "component_id": "0",
                "label": "/ofo-share/drone-imagery-organization/2z_sorted-notcleaned-combined/2023-ny-ofo/000125/000125-01/00/000125-01_000016.JPG",
                "transform": "0.99997032206525049 0.0012185837734200685 -0.0076072361805476652 0.014150286033008488 0.0012256928244269334 -0.99999881646271804 0.00092991949331339141 0.015401230542934458 -0.0076060939922948908 -0.00093921603002294907 -0.99997063217248028 0.014421371982209337 0 0 0 1",
                "rotation_covariance": "7.8933565697058503e-05 0.0001628501406342321 7.6497552587663477e-07 0.00016285014063423213 0.0027320402723584811 1.4396897124982875e-05 7.6497552587663456e-07 1.4396897124982874e-05 6.7379622176597751e-05",
                "location_covariance": "0.0011318983401165045 1.7349970515642422e-07 -1.8601147952070978e-05 1.7349970515642422e-07 0.0011297123620716107 -2.1403508349240198e-06 -1.8601147952070978e-05 -2.1403508349240198e-06 0.001275039140491939",
                "orientation": "1",
                "reference": {
                    "x": "-121.05321594900001",
                    "y": "39.489867893000003",
                    "z": "1117.502",
                    "yaw": "180",
                    "pitch": "-7.016709298534876e-15",
                    "roll": "4.2964952914991028e-31",
                    "enabled": "true",
                    "rotation_enabled": "false"
                }
            },
            {
                "id": "16",
                "sensor_id": "1",
                "component_id": "0",
                "label": "/ofo-share/drone-imagery-organization/2z_sorted-notcleaned-combined/2023-ny-ofo/000125/000125-01/00/000125-01_000017.JPG",
                "transform": "0.99996326207527697 0.002624551489544066 -0.0081600385568828503 0.020421121769272032 0.0026517162027427359 -0.99999097309890939 0.0033199581137126621 1.0118495938360001 -0.0081512514960093325 -0.0033414742517975937 -0.99996119507152548 0.023316576414011501 0 0 0 1",
                "rotation_covariance": "7.8478953004724347e-05 0.00015908219514588391 3.5753470346003774e-07 0.00015908219514588391 0.0027325526666535068 7.9378912501641517e-06 3.5753470346003753e-07 7.9378912501641483e-06 6.7325659441262064e-05",
                "location_covariance": "0.0014073338124584278 1.0167387845336477e-07 -1.2662252947901121e-05 1.0167387845336477e-07 0.0014054448322002274 -1.2975033483658849e-06 -1.2662252947901121e-05 -1.2975033483658849e-06 0.0014862071051367899",
                "orientation": "1",
                "reference": {
                    "x": "-121.05321574",
                    "y": "39.489772178999999",
                    "z": "1117.4179999999999",
                    "yaw": "180",
                    "pitch": "-7.016709298534876e-15",
                    "roll": "4.2964952914991028e-31",
                    "enabled": "true",
                    "rotation_enabled": "false"
                }
            },
            {
                "id": "17",
                "sensor_id": "1",
                "component_id": "0",
                "label": "/ofo-share/drone-imagery-organization/2z_sorted-notcleaned-combined/2023-ny-ofo/000125/000125-01/00/000125-01_000018.JPG",
                "transform": "0.99995368740929336 0.0024928392357144663 -0.0092956327972943831 0.035911028205994615 0.002550336342916995 -0.99997765963600715 0.0061786740835899079 2.0016654047998084 -0.0092800226882938895 -0.0062020949233396183 -0.99993770565844065 0.031661083874573198 0 0 0 1",
                "rotation_covariance": "7.8519400403748621e-05 0.00015937609922808815 -1.1095416062345651e-07 0.00015937609922808815 0.0027325420501278217 1.3179606515013889e-07 -1.1095416062345651e-07 1.3179606515013529e-07 6.7302362451061203e-05",
                "location_covariance": "0.0018129496679045868 5.1249583134816049e-08 -7.2061181598425867e-06 5.1249583134816049e-08 0.0018112521270513108 -6.1914010913898566e-07 -7.2061181598425867e-06 -6.1914010913898566e-07 0.0018514249583171673",
                "orientation": "1",
                "reference": {
                    "x": "-121.05321645799999",
                    "y": "39.489676590000002",
                    "z": "1117.298",
                    "yaw": "180",
                    "pitch": "0.099999999999993788",
                    "roll": "-0",
                    "enabled": "true",
                    "rotation_enabled": "false"
                }
            },
            {
                "id": "18",
                "sensor_id": "1",
                "component_id": "0",
                "label": "/ofo-share/drone-imagery-organization/2z_sorted-notcleaned-combined/2023-ny-ofo/000125/000125-01/00/000125-01_000019.JPG",
                "transform": "0.99962931514971376 0.025196183253849862 -0.010314293129037156 0.035222746418908352 0.025299534907169473 -0.99962974334365828 0.010015475833586529 3.0086577031438493 -0.010058122428873119 -0.010272710067487645 -0.99989664745966378 0.044957859399758854 0 0 0 1",
                "rotation_covariance": "7.2652904685989393e-05 9.8866749767622389e-05 -5.0106763137839774e-07 9.8866749767622403e-05 0.0027383783204452685 -1.0275736773949673e-05 -5.0106763137839816e-07 -1.027573677394968e-05 6.7342270453444437e-05",
                "location_covariance": "0.002361073639881273 -1.9536484964444375e-08 -3.3073662594469441e-06 -1.9536484964444375e-08 0.002360094837483498 -3.3650499436161789e-07 -3.3073662594469441e-06 -3.3650499436161789e-07 0.0023962351229849213",
                "orientation": "1",
                "reference": {
                    "x": "-121.053214836",
                    "y": "39.489579611000003",
                    "z": "1117.242",
                    "yaw": "178.70000000000002",
                    "pitch": "-7.016709298534876e-15",
                    "roll": "4.2964952914991028e-31",
                    "enabled": "true",
                    "rotation_enabled": "false"
                }
            },
            {
                "id": "19",
                "sensor_id": "1",
                "component_id": "0",
                "label": "/ofo-share/drone-imagery-organization/2z_sorted-notcleaned-combined/2023-ny-ofo/000125/000125-01/00/000125-01_000020.JPG",
                "transform": "0.98025962362016394 0.1974016351846957 -0.011120464309678002 -0.10561666061396101 0.19755127215844942 -0.98018512072326691 0.014512890177137999 3.9960487220521239 -0.0080352453996575587 -0.016423262134051542 -0.99983284167516895 0.057474189485049031 0 0 0 1",
                "rotation_covariance": "0.00011852984232118218 -0.00036045815434182754 2.9322411700721601e-06 -0.00036045815434182743 0.0026923635264646858 -2.2235152309242895e-05 2.9322411700721584e-06 -2.2235152309242895e-05 6.7491061632195273e-05",
                "location_covariance": "0.0030384375154134747 -8.1046975954953117e-09 -6.9027124341887105e-06 -8.1046975954953117e-09 0.0030379039427716453 -9.279056674543659e-07 -6.9027124341887105e-06 -9.279056674543659e-07 0.0031173661396577471",
                "orientation": "1",
                "reference": {
                    "x": "-121.053196391",
                    "y": "39.489484302000001",
                    "z": "1117.144",
                    "yaw": "168.69999999999999",
                    "pitch": "-7.016709298534876e-15",
                    "roll": "4.2964952914991028e-31",
                    "enabled": "true",
                    "rotation_enabled": "false"
                }
            },
            {
                "id": "20",
                "sensor_id": "1",
                "component_id": "0",
                "label": "/ofo-share/drone-imagery-organization/2z_sorted-notcleaned-combined/2023-ny-ofo/000125/000125-01/00/000125-01_000021.JPG",
                "transform": "0.948271827400192 0.31729360194248468 -0.010262140393890984 -0.39925821091167624 0.31742813737177533 -0.94813703711602926 0.016599290753596369 4.9577255636837956 -0.0044630666346333458 -0.018998131887140415 -0.99980955787640557 0.071443090449536478 0 0 0 1",
                "rotation_covariance": "0.00024663428241510044 -0.00066572261852174174 7.0635784298779912e-06 -0.00066572261852174185 0.0025641694881238766 -2.6943232557589931e-05 7.0635784298779929e-06 -2.6943232557589935e-05 6.7592934640693669e-05",
                "location_covariance": "0.0038410078449477437 -2.7259762894892957e-08 -1.010383128266957e-05 -2.7259762894892957e-08 0.0038408471178256669 -3.3605605667213353e-06 -1.010383128266957e-05 -3.3605605667213353e-06 0.0042127257452003837",
                "orientation": "1",
                "reference": {
                    "x": "-121.053158951",
                    "y": "39.489391857999998",
                    "z": "1117.0709999999999",
                    "yaw": "161.59999999999999",
                    "pitch": "0.099999999999993788",
                    "roll": "-0",
                    "enabled": "true",
                    "rotation_enabled": "false"
                }
            },
            {
                "id": "21",
                "sensor_id": "1",
                "component_id": "0",
                "label": "/ofo-share/drone-imagery-organization/2z_sorted-notcleaned-combined/2023-ny-ofo/000125/000125-01/00/000125-01_000022.JPG",
                "transform": "0.94665785090586141 0.32212743516330999 -0.0085339810993340093 -0.72667760235268208 0.32222968025284976 -0.94651077118665428 0.016893584338182083 5.9399858481557155 -0.0026356180380493143 -0.018742346244602595 -0.99982087294415145 0.083535885693053036 0 0 0 1",
                "rotation_covariance": "0.00025347319008438599 -0.00067745407182438831 7.3332099620464012e-06 -0.00067745407182438842 0.0025573362952419085 -2.7386706640198977e-05 7.3332099620464012e-06 -2.7386706640198977e-05 6.7603263783964096e-05",
                "location_covariance": "0.0048055890116064067 -1.4104976577543032e-07 -7.4059066614546763e-06 -1.4104976577543032e-07 0.0048057067472505278 -8.2229942535332268e-06 -7.4059066614546763e-06 -8.2229942535332268e-06 0.0058659543671566693",
                "orientation": "1",
                "reference": {
                    "x": "-121.053117184",
                    "y": "39.489298091999999",
                    "z": "1116.98",
                    "yaw": "161.19999999999999",
                    "pitch": "0.099999999999993788",
                    "roll": "-0",
                    "enabled": "true",
                    "rotation_enabled": "false"
                }
            }
        ]
    }
]